OriginalSNR: 45.312227
FilteredSNR: 115.206976
