OriginalSNR: 45.028153
FilteredSNR: 112.888902
