OriginalSNR: 45.739806
FilteredSNR: 157.275606
