OriginalSNR: 44.798893
FilteredSNR: 88.789772
